生命值,初始资源,资源增长速度(ms),一次增加量,行,列
500,500,6000,50,10,15
3
1
14 0,13 0,12 0,12 1,11 1,10 1,9 1,8 1,8 2,7 2,6 2,5 2,5 3,4 3,3 3,3 4,2 4,1 4,0 4
1
14 0,13 0,13 1,12 1,12 2,11 2,11 3,10 3,10 4,9 4,9 5,8 5,8 6,7 6,7 7,6 7,6 8,5 8,5 9,4 9
2
12 9,11 9,11 8,10 8,10 7,9 7,9 6,8 6,8 5,7 5,7 4,6 4,6 3,5 3,5 2,4 2,4 1,3 1,3 0,2 0
end
400,300,4000,50,10,10
3
1
9 0,8 0,8 1,7 1,7 2,6 2,6 3,5 3,5 4,4 4,4 5,3 5,3 6,2 6,2 7,1 7,1 8,0 8,0 9
1
9 9,8 9,8 8,7 8,7 7,6 7,6 6,5 6,5 5,4 5,4 4,3 4,3 3,2 3,2 2,1 2,1 1,0 1,0 0
1
9 5,8 5,7 5,6 5,5 5,4 5,3 5,2 5,1 5,0 5
